101161568.00
105141696.00
104998720.00
108739128.00
94882080.00
97744912.00
94219936.00
90735728.00
112308304.00
99702608.00
101930048.00
103246976.00
92099968.00
102777296.00
101311448.00
104363616.00
100734376.00
101115952.00
110464208.00
108416088.00
110231824.00
107252392.00
104763616.00
99487464.00
97259720.00
98781200.00
102272248.00
96693296.00
111807808.00
97943168.00
99368080.00
101369664.00
100560912.00
100991312.00
102064944.00
93937168.00
100852576.00
108568704.00
103198864.00
95768544.00
95909296.00
100756736.00
102040080.00
106207592.00
104398328.00
102565408.00
104649456.00
102014840.00
98914448.00
101539888.00
101366288.00
103263112.00
94258528.00
103798440.00
95229984.00
100677352.00
112403312.00
103191256.00
99759376.00
106256336.00
100310432.00
104326400.00
102237808.00
94849264.00
110323112.00
107416480.00
99079520.00
94444632.00
90799352.00
102301440.00
100947992.00
110043840.00
101691320.00
93550160.00
93478416.00
102530128.00
98678896.00
99641272.00
101957952.00
114549592.00
102856096.00
100844944.00
103757200.00
104244336.00
114100912.00
101391656.00
99535856.00
99623032.00
104813776.00
104658944.00
98016800.00
92433544.00
101034912.00
95075104.00
101715984.00
94168440.00
90834656.00
95639936.00
106946488.00
104015144.00
102359376.00
97072000.00
98629600.00
100183568.00
94566496.00
88884656.00
89953344.00
97443296.00
101684200.00
93289832.00
100134320.00
96881592.00
104051072.00
109659568.00
100683648.00
104523712.00
106592552.00
102687168.00
89595056.00
104069616.00
102352272.00
103247984.00
93544488.00
98412056.00
103572704.00
103739128.00
105234640.00
104860512.00
100618112.00
104018592.00
99625160.00
88157920.00
100206976.00
98651920.00
102872464.00
99994584.00
96240144.00
92405776.00
98061712.00
103058192.00
106679744.00
94511304.00
99840464.00
102851520.00
100494704.00
113654696.00
99565840.00
99970296.00
99537872.00
107864032.00
104730256.00
100048368.00
103271056.00
105595856.00
97471560.00
107515824.00
95448128.00
104395816.00
104101792.00
98461936.00
97788640.00
107845920.00
96017448.00
104476192.00
100737336.00
104461616.00
109140384.00
100474936.00
106382624.00
101761832.00
101972032.00
98199456.00
98985888.00
108724496.00
91780280.00
105843968.00
97165912.00
108311024.00
91374144.00
109533920.00
106970144.00
100051536.00
104589232.00
92788632.00
103159024.00
102707312.00
97555328.00
96396216.00
101633392.00
90382144.00
96628416.00
104778096.00
92103856.00
101347504.00
96901056.00
102710304.00
100512224.00
110676824.00
99352256.00
97866208.00
Sec:0
Nsec:287513
